../../../../.git/annex/objects/Vk/Jw/MD5E-s208--b21b29daa204a242653a30ff2d6e8f2a.csv/MD5E-s208--b21b29daa204a242653a30ff2d6e8f2a.csv