../../../../.git/annex/objects/G7/mV/MD5E-s208--f2519a203ea30ba23fc3d313cbf01668.csv/MD5E-s208--f2519a203ea30ba23fc3d313cbf01668.csv